    0.5000    0.4600    0.6400    0.3600    0.5000         0    0.4900    0.2200    1
    0.5300    0.5600    0.4900    0.4600    0.5000         0    0.5200    0.2200    1
    0.5200    0.5300    0.5800    0.6900    0.5000         0    0.5000    0.2200    1
    0.6700    0.6200    0.5400    0.4300    0.5000         0    0.5300    0.2200    1
    0.4500    0.5700    0.3000    0.1700    0.5000         0    0.5100    0.2200    3
    0.6800    0.5300    0.4400    0.3100    0.5000         0    0.5100    0.2200    1
    0.3800    0.4200    0.3100    0.3500    0.5000         0    0.5200    0.2200    3
    0.4800    0.4600    0.5800    0.2600    0.5000         0    0.4400    0.2200    2
    0.4500    0.3900    0.4600    0.2900    0.5000         0    0.4200    0.2200    1
    0.7800    0.7500    0.4000    0.2800    0.5000         0    0.5300    0.2200    1
    0.7400    0.8900    0.3200    0.2400    0.5000         0    0.5400    0.3200    4
    0.2100    0.4100    0.5500    0.1100    0.5000         0    0.5000    0.2700    7
    0.3500    0.5600    0.3600    0.3000    0.5000         0    0.5300    0.2500    3
    0.8000    0.7300    0.4700    0.1900    0.5000         0    0.4900    0.2200    4
    0.7600    0.7600    0.3500    0.2700    0.5000         0    0.4400    0.2200    4
    0.3800    0.4000    0.5300    0.1200    0.5000         0    0.5500    0.2200    7
    0.6500    0.6300    0.4700    0.2200    0.5000         0    0.5200    0.2700    7
    0.4100    0.4900    0.5500    0.1300    0.5000         0    0.5500    0.2200    7
    0.5300    0.5100    0.5100    0.1100    0.5000         0    0.4900    0.4100    2
    0.8500    0.8500    0.3000    0.3100    0.5000         0    0.5500    0.4200    4
    0.6100    0.4800    0.5600    0.1900    0.5000         0    0.5300    0.3100    7
    0.5500    0.6900    0.5100    0.1200    0.5000         0    0.5100    0.2200    7
    0.4900    0.4000    0.5800    0.2300    0.5000         0    0.4700    0.2700    7
    0.5600    0.5700    0.6300    0.3900    1         0    0.5900    0.4000    2
    0.4500    0.5000    0.5700    0.2900    0.5000         0    0.4400    0.1100    7
    0.3200    0.4400    0.5400    0.2100    0.5000         0    0.4000    0.1900    7
    0.7500    0.6700    0.5100    0.2900    0.5000         0    0.5200    0.3600    1
    0.6300    0.5400    0.5300    0.2700    0.5000         0    0.4900    0.2200    7
    0.5500    0.5600    0.4500    0.1400    0.5000         0    0.5400    0.2200    7
    0.4500    0.2700    0.5700    0.3600    0.5000         0    0.5200    0.1800    7
    0.5400    0.6400    0.4000    0.5600    0.5000         0    0.5100    0.2200    1
    0.3600    0.4900    0.3000    0.2200    0.5000         0    0.5200    0.3100    3
    0.4300    0.2800    0.5300    0.3400    0.5000         0    0.5500    0.5700    2
    0.5100    0.5100    0.4300    0.8700    0.5000         0    0.5200    0.2200    1
    0.6000    0.4600    0.5100    0.1000    0.5000         0    0.4800    0.3100    7
    0.5100    0.4800    0.5100    0.4300    0.5000         0    0.4900    0.2200    1
    0.1700    0.3800    0.4500    0.0900    0.5000         0    0.5400    0.2700    2
    0.3700    0.3400    0.5800    0.2400    0.5000         0    0.4400    0.1800    2
    0.5700    0.5300    0.5300    0.3400    0.5000         0    0.5300    0.2200    1
    0.4300    0.4400    0.4800    0.2200    0.5000         0    0.5100    0.2200    7
    0.5700    0.6100    0.5500    0.6700    0.5000         0    0.4800    0.2200    1
    0.2900    0.4000    0.5000    0.1600    0.5000         0    0.5100    0.3400    2
    0.6000    0.5900    0.4700    0.4700    0.5000         0    0.5300    0.2200    1
    0.3600    0.2400    0.4900    0.1600    0.5000         0    0.5100    0.2200    2
    0.5400    0.5100    0.5600    0.1500    0.5000         0    0.5400    0.3100    7
    0.5800    0.6400    0.4200    0.3000    0.5000         0    0.5400    0.2200    2
    0.5500    0.4600    0.4600    0.3100    0.5000         0    0.5800    0.4800    2
    0.4100    0.4700    0.5800    0.6200    0.5000         0    0.5000    0.2200    1
    0.4600    0.4800    0.3800    0.2200    0.5000         0    0.3900    0.4500    3
    0.3800    0.6800    0.4400    0.4500    0.5000         0    0.5300    0.2200    1
    0.3300    0.4600    0.6000    0.1800    0.5000         0    0.5100    0.2600    2
    0.3900    0.3700    0.3300    0.2300    0.5000         0    0.5200    0.2600    3
    0.5300    0.5700    0.6000    0.3600    0.5000         0    0.5000    0.2200    7
    0.3300    0.5500    0.5100    0.4300    0.5000         0    0.5100    0.2200    2
    0.4500    0.4000    0.5600    0.1500    0.5000         0    0.5200    0.2200    2
    0.2600    0.2800    0.6000    0.2000    0.5000         0    0.5400    0.3100    1
    0.6200    0.4200    0.4700    0.1600    0.5000         0    0.5200    0.2200    7
    0.4900    0.3100    0.4300    0.2400    0.5000         0    0.5400    0.2200    3
    0.7400    0.7200    0.5000    0.2800    0.5000         0    0.5000    0.2700    8
    0.5100    0.5600    0.6200    0.2400    0.5000         0    0.5200    0.5100    2
    0.4400    0.3900    0.5300    0.1400    0.5000         0    0.5400    0.4400    7
    0.8600    0.7800    0.3400    0.1500    0.5000         0    0.5300    0.2200    5
    0.5500    0.5100    0.5400    0.2000    0.5000         0    0.5600    0.2200    7
    0.4700    0.5900    0.3700    0.3100    0.5000         0    0.5100    0.3600    2
    0.5000    0.5000    0.4800    0.1700    0.5000         0    0.4700    0.2600    7
    0.3700    0.4200    0.6000    0.1300    0.5000         0    0.5100    0.2200    2
    0.4600    0.3800    0.4700    0.2200    0.5000         0    0.5200    0.2700    1
    0.8800    0.5900    0.5400    0.3900    0.5000         0    0.4100    0.3000    2
    0.5700    0.5500    0.5100    0.1800    0.5000         0    0.5100    0.4300    2
    0.6100    0.5200    0.5000    0.4400    0.5000         0    0.5300    0.2200    7
    0.5900    0.5700    0.4300    0.2600    0.5000         0    0.5100    0.2200    1
    0.3400    0.2400    0.5100    0.1500    0.5000         0    0.5400    0.4000    2
    0.3500    0.2900    0.4600    0.1400    0.5000         0    0.5400    0.6600    2
    0.6900    0.3900    0.5200    0.1200    0.5000         0    0.3800    0.3500    7
    0.4300    0.4600    0.5000    0.2100    0.5000         0    0.4900    0.3400    7
    0.5300    0.6800    0.4200    0.1900    0.5000         0    0.5300    0.2200    3
    0.2600    0.4400    0.3000    0.1100    0.5000         0    0.5100    0.4700    3
    0.6900    0.5400    0.5500    0.2300    0.5000         0    0.7300    0.2200    7
    0.5300    0.5200    0.4900    0.2700    0.5000         0    0.5100    0.2200    7
    0.4200    0.5200    0.4000    0.1700    0.5000         0    0.5000    0.2600    3
    0.5000    0.4200    0.5700    0.4900    0.5000         0    0.4800    0.2700    2
    0.5600    0.6800    0.5200    0.3900    0.5000         0    0.3600    0.2200    1
    0.3300    0.4600    0.5300    0.2900    0.5000         0    0.5000    0.5500    2
    0.4300    0.3800    0.5100    0.2400    0.5000         0    0.4600    0.3300    2
    0.5800    0.4400    0.5000    0.2600    0.5000         0    0.5200    0.2200    7
    0.4000    0.4000    0.4300    0.1900    0.5000    0.8300    0.4800    0.2200    6
    0.5500    0.5200    0.4400    0.2000    0.5000         0    0.5600    0.2200    5
    0.5100    0.6800    0.4900    0.5900    0.5000         0    0.5400    0.2700    1
    0.3900    0.3900    0.5500    0.5200    0.5000         0    0.3700    0.1600    2
    0.5800    0.5100    0.6300    0.2000    0.5000         0    0.5000    0.4200    2
    0.8000    0.8200    0.4000    0.3100    0.5000         0    0.5700    0.2500    4
    0.3500    0.6000    0.4700    0.1300    0.5000         0    0.5200    0.4300    2
    0.6100    0.4600    0.4400    0.4700    0.5000         0    0.5000    0.3700    2
    0.7900    0.6200    0.3500    0.3500    0.5000         0    0.6000    0.2800    5
    0.9500    0.7100    0.2700    0.3900    0.5000         0    0.3100    0.2200    5
    0.5700    0.5500    0.5200    0.1600    0.5000         0    0.4900    0.3900    2
    0.3600    0.4600    0.6200    0.4600    0.5000         0    0.5100    0.3300    7
    0.2800    0.3700    0.6100    0.0900    0.5000         0    0.5200    0.5500    2
    0.5900    0.4700    0.5100    0.5300    0.5000         0    0.5300    0.2600    7
    0.6300    0.7100    0.4400    0.5300    0.5000         0    0.5200    0.2200    5
    0.3500    0.5200    0.4800    0.2200    0.5000         0    0.2600    0.2200    1
    0.5700    0.4900    0.5000    0.2000    0.5000         0    0.5100    0.2800    7
    0.3700    0.4200    0.5100    0.1100    0.5000         0    0.5700    0.2200    7
    0.3700    0.4100    0.4500    0.1400    0.5000         0    0.4700    0.2200    7
    0.4700    0.5600    0.5300    0.4400    0.5000         0    0.5300    0.2200    1
    0.6000    0.6100    0.5400    0.1100    0.5000         0    0.4600    0.2200    7
    0.8100    0.8200    0.4100    0.3600    0.5000         0    0.3900    0.2200    8
    0.6200    0.5900    0.5400    0.4700    0.5000         0    0.4600    0.2200    1
    0.4400    0.5200    0.4100    0.2300    0.5000         0    0.5100    0.2200    2
    0.2300    0.2900    0.4600         0    0.5000         0    0.4300    0.3100    7
    0.5000    0.4700    0.5600    0.3100    0.5000         0    0.5600    0.2600    7
    0.4000    0.3800    0.5300    0.1600    0.5000         0    0.5200    0.2700    2
    0.4000    0.5600    0.4800    0.1400    0.5000         0    0.4700    0.2200    1
    0.4500    0.4700    0.5300    0.1500    0.5000         0    0.5200    0.2700    7
    0.5300    0.5900    0.4800    0.1400    0.5000         0    0.5100    0.2200    7
    0.4600    0.4200    0.5100    0.1600    0.5000         0    0.5600    0.2200    7
    0.5000    0.5000    0.6200    0.2300    0.5000         0    0.3500    0.1100    7
    0.9700    0.7100    0.2900    0.4200    0.5000         0    0.3500    0.2200    5
    0.5000    0.5700    0.6200    0.2500    0.5000         0    0.5100    0.2200    1
    0.4600    0.5500    0.6100    0.1300    0.5000         0    0.4700    0.2200    7
    0.5000    0.4500    0.4900    0.1500    0.5000         0    0.5500    0.4300    2
    0.3500    0.5300    0.3500    0.3300    0.5000         0    0.5000    0.3200    3
    0.6200    0.4100    0.5200    0.1700    0.5000         0    0.4800    0.2200    2
    0.3800    0.3100    0.5900    0.1900    0.5000         0    0.4600    0.2200    1
    0.8000    0.8200    0.5700    0.2600    0.5000         0    0.5700    0.2700    9
    0.4600    0.1400    0.3600    0.2100    0.5000         0    0.5000    0.2500    3
    0.3500    0.4000    0.5300    0.1800    0.5000         0    0.4200    0.3800    7
    0.4400    0.6500    0.4900    0.1600    0.5000         0    0.4800    0.3100    2
    0.3200    0.3000    0.5700    0.3800    0.5000         0    0.5000    0.2500    2
    0.5700    0.5100    0.5300    0.1800    0.5000         0    0.5600    0.2500    2
    0.7700    0.8700    0.4700    0.3700    0.5000         0    0.4800    0.2200    8
    0.7800    0.7400    0.4200    0.2600    0.5000         0    0.4300    0.2200    4
    0.5100    0.4000    0.5600    0.1700    0.5000    0.5000    0.4900    0.2200    7
    0.7700    0.7400    0.3700    0.2900    0.5000         0    0.4500    0.2200    4
    0.4000    0.3000    0.5700    0.1300    0.5000         0    0.4600    0.2200    2
    0.5200    0.5000    0.5100    0.2000    0.5000         0    0.5100    0.2200    2
    0.4100    0.2400    0.5400    0.2600    0.5000         0    0.4100    0.2200    2
    0.5500    0.4000    0.6200    0.2200    0.5000         0    0.3700    0.2800    2
    0.3300    0.4700    0.5500    0.2400    0.5000         0    0.4500    0.6700    2
    0.7600    0.6700    0.3700    0.2200    0.5000         0    0.5400    0.2200    5
    0.4800    0.4100    0.5400    0.3900    0.5000         0    0.5100    0.2200    2
    0.3800    0.4700    0.4700    0.1800    0.5000         0    0.4400    0.2600    1
    0.5200    0.4700    0.5800    0.1800    0.5000         0    0.3400    0.1100    7
    0.6700    0.4600    0.5800    0.3000    0.5000         0    0.5700    0.2700    2
    0.6000    0.5400    0.5400    0.5300    0.5000         0    0.5200    0.2700    1
    0.7400    0.7100    0.5200    0.3000    0.5000         0    0.2700    0.2200    8
    0.3200    0.4800    0.4900    0.1700    0.5000         0    0.4700    0.2200    2
    0.4900    0.3700    0.5900    0.1700    0.5000         0    0.5100    0.2200    2
    0.3700    0.5100    0.5700    0.4000    0.5000         0    0.4800    0.2700    1
    0.5200    0.4800    0.5800    0.5500    0.5000         0    0.4800    0.2200    7
    0.4800    0.4500    0.6300    0.1900    0.5000         0    0.5800    0.2200    2
    0.3700    0.4300    0.6200    0.2700    0.5000         0    0.4800    0.2200    2
    0.6400    0.6200    0.2900    0.2800    0.5000         0    0.5100    0.2200    1
    0.4600    0.3500    0.5300    0.1600    0.5000         0    0.5100    0.2900    7
    0.5100    0.5100    0.3200    0.2700    0.5000         0    0.5400    0.2200    3
    0.4100    0.6000    0.5300    0.2900    0.5000         0    0.4700    0.4300    2
    0.2500    0.3500    0.2200    0.1800    0.5000         0    0.4600    0.2200    3
    0.5000    0.6100    0.4400    0.2000    0.5000         0    0.4900    0.2200    1
    0.5100    0.5500    0.5600    0.1800    0.5000         0    0.5000    0.3800    2
    0.4100    0.4800    0.5400    0.2400    0.5000         0    0.3700    0.5100    2
    0.2900    0.2600    0.4300    0.1700    0.5000         0    0.5500    0.3000    3
    0.4200    0.3200    0.4800    0.1600    0.5000         0    0.5500    0.2200    9
    0.5100    0.4600    0.4000    0.6500    0.5000         0    0.4900    0.2200    1
    0.4900    0.4800    0.5200    0.2000    0.5000         0    0.5500    0.2200    2
    0.3400    0.3600    0.5400    0.1100    0.5000         0    0.3600    0.2100    2
    0.7100    0.5900    0.4800    0.4300    0.5000         0    0.5900    0.2200    1
    0.4200    0.5000    0.5300    0.2200    0.5000    0.8300    0.5000    0.2200    6
    0.3400    0.3500    0.5800    0.2000    0.5000         0    0.4600    0.3200    2
    0.5600    0.6800    0.4200    0.3600    0.5000         0    0.4900    0.2200    7
    0.4100    0.5100    0.5800    0.1500    0.5000         0    0.4500    0.2700    7
    0.3600    0.3900    0.5400    0.1600    0.5000         0    0.5000    0.2800    2
    0.4300    0.3800    0.3800    0.1200    0.5000         0    0.5000    0.2200    5
    0.6400    0.5900    0.5600    0.2300    0.5000         0    0.4600    0.2200    7
    0.8900    0.8200    0.6000    0.4900    0.5000         0    0.5500    0.2200    5
    0.2300    0.3400    0.4100    0.2800    0.5000         0    0.5000    0.2700    2
    0.4600    0.3500    0.6900    0.1800    0.5000         0    0.3000    0.2500    7
    0.3400    0.6600    0.5100    0.1600    0.5000         0    0.4700    0.3300    2
    0.5100    0.5600    0.5100    0.4200    0.5000         0    0.5300    0.3600    1
    0.6300    0.6400    0.4900    0.2000    0.5000         0    0.5200    0.2500    7
    0.4700    0.4700    0.5000    0.1900    0.5000         0    0.5100    0.2600    2
    0.5100    0.5900    0.4600    0.1300    0.5000         0    0.4800    0.2200    1
    0.5400    0.3500    0.5500    0.1900    0.5000         0    0.3000    0.2200    7
    0.5800    0.5700    0.5400    0.6900    0.5000         0    0.5400    0.2200    1
    0.3900    0.5500    0.4800    0.3100    0.5000         0    0.5400    0.2900    7
    0.4300    0.4000    0.5000    0.1800    0.5000         0    0.5000    0.2800    7
    0.5000    0.4300    0.5000    0.1700    0.5000         0    0.4600    0.4700    2
    0.5400    0.5500    0.5600    0.1400    0.5000         0    0.5000    0.2500    7
    0.6400    0.5300    0.5900    0.1400    0.5000         0    0.5300    0.2200    1
    0.4700    0.5000    0.4700    0.2200    0.5000         0    0.5300    0.4500    2
    0.4300    0.4800    0.5300    0.1800    0.5000         0    0.4600    0.2200    2
    0.6400    0.6200    0.4900    0.1500    0.5000         0    0.5300    0.2200    1
    0.7700    0.7300    0.5100    0.2700    0.5000         0    0.3400    0.2200    8
    0.3100    0.3100    0.5400    0.1800    0.5000         0    0.5200    0.2900    2
    0.3800    0.5000    0.3700    0.2600    0.5000         0    0.4300    0.2200    3
    0.5700    0.6000    0.5400    0.1700    0.5000         0    0.5200    0.2200    1
    0.3500    0.4500    0.4300    0.1100    0.5000         0    0.5600    0.2200    3
    0.3700    0.5100    0.3900    0.1800    0.5000         0    0.5100    0.2700    3
    0.6900    0.6000    0.5100    0.1300    0.5000    0.8300    0.5200    0.2200    6
    0.5800    0.5500    0.5100    0.1300    0.5000         0    0.5200    0.2200    7
    0.3500    0.4400    0.5400    0.2600    0.5000         0    0.5200    0.2600    2
    0.3900    0.5800    0.5000    0.1000    0.5000         0    0.5100    0.2500    7
    0.4700    0.4300    0.4800    0.1600    0.5000         0    0.4600    0.2700    2
    0.5700    0.5300    0.6000    0.2800    0.5000         0    0.5200    0.4500    2
    0.3400    0.5400    0.5000    0.2100    0.5000         0    0.5400    0.3100    7
    0.6600    0.6600    0.3200    0.5400    0.5000         0    0.5100    0.2200    5
    0.5300    0.6100    0.5200    0.2100    0.5000         0    0.5500    0.3000    2
    0.2700    0.4600    0.5200    0.1700    0.5000         0    0.4900    0.4400    2
    0.3000    0.4500    0.5500    0.1900    0.5000         0    0.5300    0.4000    7
    0.5600    0.4900    0.3200    0.2200    0.5000         0    0.5000    0.2200    5
    0.4400    0.4000    0.5300    0.1900    0.5000         0    0.4800    0.2700    7
    0.4800    0.5400    0.5500    0.1200    0.5000         0    0.5100    0.2200    7
    0.4400    0.5400    0.5100    0.1600    0.5000         0    0.5800    0.2200    7
    0.5300    0.4400    0.4700    0.2200    0.5000         0    0.5300    0.2200    2
    0.4600    0.4400    0.5200    0.1100    0.5000         0    0.5000    0.2200    7
    0.3300    0.2800    0.5200    0.1500    0.5000         0    0.5100    0.8600    2
    0.3600    0.3900    0.5500    0.2600    0.5000         0    0.4900    0.2200    2
    0.5200    0.4300    0.6100    0.2200    0.5000         0    0.4500    0.2200    7
    0.4600    0.6200    0.4600    0.5400    0.5000         0    0.5100    0.2700    1
    0.4700    0.3200    0.6400    0.3000    0.5000         0    0.6300    0.2200    2
    0.3500    0.5800    0.5400    0.1600    0.5000         0    0.5100    0.2200    2
    0.2600    0.3000    0.3700    0.1500    0.5000         0    0.5300    0.2500    3
    0.6300    0.4700    0.5600    0.1200    0.5000         0    0.5000    0.2200    1
    0.4000    0.6800    0.5000    0.8200    0.5000         0    0.4400    0.3600    1
    0.4200    0.4600    0.4400    0.1700    0.5000         0    0.5100    0.4200    7
    0.4700    0.3900    0.5900    0.1500    0.5000         0    0.5700    0.2200    7
    0.6300    0.6200    0.4200    0.1200    0.5000         0    0.5200    0.2500    7
    0.3900    0.3700    0.3300    0.2300    0.5000         0    0.5300    0.2600    3
    0.5600    0.5900    0.5400    0.1800    0.5000         0    0.4800    0.4600    2
    0.7800    0.7300    0.2700    0.2800    0.5000         0    0.5600    0.2200    4
    0.4500    0.5100    0.5000    0.1600    0.5000         0    0.5200    1    2
    0.5800    0.6700    0.4900    0.1600    0.5000         0    0.4700    0.2800    1
    0.4700    0.6300    0.6600    0.4500    0.5000         0    0.3700    0.1100    1
    0.5700    0.4200    0.6300    0.2200    0.5000         0    0.6800    0.3200    2
    0.8500    0.8500    0.3000    0.3100    0.5000         0    0.5500    0.4200    4
    0.4700    0.4700    0.5400    0.1900    0.5000         0    0.5100    0.3300    2
    0.5000    0.4900    0.5900    0.4700    0.5000         0    0.4900    0.3600    1
    0.5200    0.5100    0.5100    0.1200    0.5000         0    0.5100    0.4000    7
    0.6400    0.4400    0.5600    0.1500    0.5000         0    0.5600    0.2200    7
    0.4300    0.3900    0.5400    0.2100    0.5000         0    0.5300    0.2700    2
    0.5500    0.4500    0.5800    0.2500    0.5000         0    0.4900    0.2200    2
    0.4300    0.4200    0.5400    0.2200    0.5000         0    0.5700    0.3300    2
    0.3600    0.5800    0.3500    0.2400    0.5000         0    0.4400    0.2200    3
    0.5600    0.4800    0.5800    0.2700    0.5000         0    0.5100    0.2200    7
    0.7200    0.3700    0.6300    0.3800    0.5000         0    0.4000    0.1400    7
    0.4400    0.5000    0.5500    0.2400    0.5000         0    0.4800    0.2200    2
    0.7100    0.7900    0.4100    0.3800    0.5000         0    0.5400    0.2200    4
    0.4700    0.3900    0.5500    0.2400    0.5000         0    0.4700    0.2200    7
    0.5300    0.4600    0.5400    0.3700    0.5000         0    0.5100    0.3000    2
    0.5000    0.3600    0.5300    0.4100    0.5000         0    0.5500    0.3600    7
    0.5100    0.5800    0.5400    0.2900    0.5000         0    0.5300    0.2200    7
    0.2900    0.4600    0.5400    0.2700    0.5000         0    0.4900    0.2200    7
    0.5800    0.5300    0.3800    0.1800    0.5000         0    0.5200    0.2200    3
    0.3600    0.4800    0.5000    0.1300    0.5000         0    0.4900    0.6000    2
    0.4400    0.3800    0.4800    0.3200    0.5000    0.8300    0.5300    0.2200    6
    0.4900    0.6700    0.5000    0.2800    0.5000         0    0.4300    0.2200    2
    0.4700    0.4600    0.5900    0.4900    0.5000         0    0.5600    0.2200    1
    0.6100    0.4800    0.5400    0.2500    0.5000         0    0.5000    0.2200    7
    0.5400    0.5600    0.5700    0.1800    0.5000         0    0.4500    0.2500    2
    0.8000    0.8800    0.3600    0.3900    0.5000         0    0.5600    0.3300    4
    0.4600    0.4800    0.4400    0.2100    0.5000         0    0.5500    0.2200    6
    0.5200    0.4600    0.5600    0.2500    0.5000         0    0.5200    0.2200    2
    0.5000    0.5000    0.5400    0.1600    0.5000         0    0.4900    0.2200    6
    0.5400    0.4500    0.6200    0.1300    0.5000         0    0.5200    0.2600    2
    0.3900    0.6500    0.5700    0.1900    0.5000         0    0.4400    0.2500    7
    0.7000    0.5100    0.4700    0.2400    0.5000         0    0.5300    0.2500    2
    0.2300    0.3700    0.3200    0.1300    0.5000         0    0.5300    0.2200    1
    0.3600    0.3000    0.5000    0.1900    0.5000         0    0.5500    0.3000    2
    0.4900    0.2700    0.5700    0.1800    0.5000    0.8300    0.5400    0.2200    6
    0.5600    0.5400    0.5900    0.1400    0.5000         0    0.5200    0.2700    2
    0.5700    0.5900    0.5000    0.5800    0.5000         0    0.5300    0.2200    1
    0.5500    0.5700    0.5100    0.0700    0.5000         0    0.5500    0.2200    7
    0.5300    0.5700    0.6000    0.3600    0.5000         0    0.5000    0.2200    7
    0.6100    0.5300    0.5900    0.1700    0.5000         0    0.4400    0.2800    7
    0.6000    0.5000    0.5700    0.2500    0.5000         0    0.4100    0.2600    7
    0.4400    0.5100    0.5300    0.3000    0.5000         0    0.5300    0.2200    7
    0.3900    0.4500    0.5100    0.2900    0.5000         0    0.5400    0.2200    7
    0.5700    0.5900    0.4400    0.1600    0.5000         0    0.5200    0.2200    5
    0.3100    0.5500    0.5200    0.1700    0.5000         0    0.5200    0.2200    7
    0.2600    0.3600    0.4700    0.3400    0.5000         0    0.5300    0.7200    2
    0.4800    0.4100    0.5200    0.3300    0.5000         0    0.5100    0.2600    7
    0.4900    0.4500    0.4600    0.1800    0.5000         0    0.4900    0.3100    7
    0.4100    0.5200    0.5100    0.2200    0.5000         0    0.5200    0.4400    2
    0.5700    0.4100    0.5900    0.2400    0.5000         0    0.4000    0.2200    7
    0.3700    0.3600    0.5600    0.1800    0.5000         0    0.4800    0.2600    9
    0.8100    0.5500    0.3500    0.3400    0.5000         0    0.5100    0.2200    5
    0.5900    0.5700    0.4600    0.1400    0.5000         0    0.5200    0.2200    1
    0.4300    0.5700    0.5300    0.5300    0.5000         0    0.5300    0.2500    7
    0.5500    0.5300    0.5400    0.4000    0.5000         0    0.4800    0.2200    1
    0.7400    0.8200    0.4600    0.2400    0.5000         0    0.4800    0.2200    8
    0.6700    0.5100    0.5400    0.2100    0.5000         0    0.4300    0.3000    1
    0.3800    0.4700    0.5300    0.1200    0.5000         0    0.4800    0.2200    7
    0.5900    0.4800    0.4900    0.4900    0.5000         0    0.3600    0.3200    7
    0.4400    0.3400    0.5500    0.1800    0.5000         0    0.5200    0.2200    7
    0.4500    0.3800    0.5900    0.1800    0.5000         0    0.4400    0.4500    2
    0.6800    0.5000    0.5500    0.6500    0.5000         0    0.4600    0.3100    1
    0.4600    0.4400    0.5300    0.3100    0.5000         0    0.4800    0.2200    1
    0.4300    0.4700    0.4700    0.1800    0.5000         0    0.4700    0.2200    7
    0.5200    0.4000    0.6000    0.1200    0.5000         0    0.5500    0.2200    7
    0.6300    0.4300    0.4800    0.1100    0.5000         0    0.5100    0.2200    7
    0.4500    0.5400    0.4900    0.2900    0.5000         0    0.4900    0.2500    2
    0.6300    0.5300    0.5400    0.4000    0.5000         0    0.5000    0.2200    1
    0.5100    0.4600    0.4900    0.2100    0.5000         0    0.5500    0.2200    9
    0.4000    0.5200    0.5300    0.5200    0.5000         0    0.5100    0.2200    1
    0.3500    0.3900    0.5700    0.1100    0.5000         0    0.4800    0.2200    2
    0.4800    0.3500    0.4200    0.2100    0.5000         0    0.5700    0.2200    7
    0.5400    0.5200    0.5400    0.2000    0.5000         0    0.5500    0.2500    2
    0.4700    0.4100    0.5300    0.2700    0.5000         0    0.4700    0.2500    1
    0.6100    0.5900    0.4700    0.4900    0.5000         0    0.5400    0.2200    1
    0.3400    0.4200    0.4800    0.1900    0.5000         0    0.4600    0.3100    2
    0.5200    0.4600    0.5600    0.2000    0.5000         0    0.5000    0.2200    7
    0.5100    0.4600    0.5400    0.4100    0.5000         0    0.5300    0.2200    1
    0.4600    0.6200    0.5400    0.2500    0.5000         0    0.4600    0.2200    7
    0.7900    0.5600    0.5300    0.1900    0.5000         0    0.4700    0.3500    7
    0.3700    0.5800    0.4400    0.5100    0.5000         0    0.4400    0.2200    1
    0.4400    0.4100    0.2900    0.2100    0.5000         0    0.4900    0.2200    3
    0.6500    0.6100    0.3900    0.3000    0.5000         0    0.5700    0.2800    3
    0.4700    0.4300    0.5900    0.2700    0.5000         0    0.5500    0.2200    6
    0.5100    0.6000    0.5100    0.2600    0.5000         0    0.5400    0.2200    2
    0.3600    0.3200    0.5500    0.2700    0.5000         0    0.4700    0.4300    2
    0.5100    0.6100    0.5000    0.2300    0.5000         0    0.5200    0.6100    2
    0.3800    0.4400    0.5500    0.4400    0.5000         0    0.4700    0.5100    2
    0.7000    0.8400    0.4900    0.2800    1         0    0.5800    0.2200   10
    0.4700    0.6000    0.3500    0.2100    0.5000         0    0.5200    0.2200    3
    0.4300    0.4100    0.5100    0.3400    0.5000         0    0.4900    0.2800    2
    0.4200    0.2800    0.4900    0.2200    0.5000         0    0.5500    0.3400    2
    0.4100    0.4900    0.4700    0.0900    0.5000         0    0.4900    0.2200    7
    0.8200    0.6300    0.4700    0.1800    0.5000         0    0.5000    0.2200    6
    0.4200    0.5100    0.3900    0.2200    0.5000         0    0.4900    0.2600    3
    0.8200    0.7500    0.5400    0.2300    0.5000         0    0.4600    0.2200    8
    0.5100    0.5200    0.5800    0.1700    0.5000         0    0.4700    0.2800    7
    0.4500    0.5800    0.4800    0.6700    0.5000         0    0.5200    0.2200    1
    0.4100    0.4300    0.5000    0.2800    0.5000         0    0.5000    0.2200    7
    0.5600    0.6100    0.5200    0.1900    0.5000         0    0.5200    0.3200    2
    0.6400    0.3100    0.5300    0.1500    0.5000         0    0.5300    0.3100    7
    0.7700    0.7900    0.5800    0.2300    0.5000         0    0.4800    0.2200    8
    0.7400    0.5300    0.5000    0.0800    0.5000         0    0.5500    0.3100    7
    0.7300    0.8300    0.4300    0.3000    0.5000         0    0.5500    0.2200    4
    0.4600    0.4900    0.5500    0.1800    0.5000         0    0.5600    0.2200    2
    0.4400    0.4400    0.6700    0.3500    0.5000         0    0.4800    0.2600    1
    0.4300    0.3300    0.6700    0.1200    0.5000         0    0.4300    0.2300    7
    0.3800    0.4400    0.5700    0.1400    0.5000         0    0.5300    0.5200    2
    0.4500    0.4800    0.5600    0.5600    0.5000         0    0.4700    0.2200    2
    0.3000    0.3200    0.5700    0.1900    0.5000         0    0.4800    0.5500    2
    0.3800    0.4200    0.4700    0.1200    0.5000         0    0.4700    0.5300    2
    0.5300    0.5100    0.4600    0.2800    0.5000         0    0.4800    0.2200    7
    0.6100    0.5400    0.5400    0.3800    0.5000         0    0.5400    0.2900    1
    0.5600    0.4300    0.5400    0.1600    0.5000         0    0.5000    0.2200    2
    0.3100    0.4400    0.5300    0.2300    0.5000         0    0.5100    0.3200    2
    0.5000    0.4500    0.5300    0.2100    0.5000         0    0.2800    0.2200    2
    0.4200    0.2500    0.6000    0.1400    0.5000         0    0.4500    0.2200    7
    0.5700    0.5100    0.3400    0.1300    0.5000         0    0.5300    0.2700    1
    0.5500    0.4200    0.3400    0.3000    0.5000         0    0.5200    0.2200    3
    0.3800    0.2600    0.6000    0.1000    0.5000         0    0.4800    0.4400    2
    0.5900    0.4800    0.5000    0.1400    0.5000         0    0.4500    0.2500    7
    0.5900    0.5800    0.4600    0.1900    0.5000         0    0.5600    0.2700    7
    0.5100    0.3400    0.5000    0.1900    0.5000         0    0.5000    0.2200    2
    0.7200    0.5100    0.5200    0.0800    0.5000         0    0.5400    0.2200    2
    0.6100    0.5400    0.4900    0.1900    0.5000         0    0.5400    0.4700    7
    0.3800    0.5100    0.5600    0.2100    0.5000         0    0.4800    0.3100    2
    0.5400    0.4900    0.4900    0.2000    0.5000         0    0.5200    0.2200    7
    0.4100    0.4800    0.3800    0.1300    0.5000         0    0.5100    0.3500    3
    0.4800    0.5100    0.5700    0.2400    0.5000         0    0.5000    0.2200    7
    0.4700    0.5900    0.4300    0.1300    0.5000         0    0.5600    0.3000    3
    0.4500    0.5500    0.5400    0.6600    0.5000         0    0.4700    0.2200    1
    0.7700    0.8200    0.4000    0.3600    0.5000         0    0.3800    0.2200    4
    0.5000    0.4000    0.5700    0.1700    0.5000         0    0.5900    0.2200    7
    0.4300    0.4800    0.3600    0.2600    0.5000         0    0.5200    0.2200    3
    0.3600    0.3800    0.5600    0.4400    0.5000         0    0.4800    0.2200    1
    0.3900    0.4600    0.3300    0.1800    0.5000         0    0.5300    0.2200    3
    0.6400    0.5000    0.5300    0.1000    0.5000         0    0.5100    0.2200    2
    0.5000    0.5400    0.5300    0.5400    0.5000         0    0.5100    0.2700    1
    0.4400    0.5100    0.4800    0.3800    0.5000         0    0.5200    0.2200    7
    0.5800    0.5100    0.4900    0.2700    0.5000         0    0.5700    0.2900    7
    0.4100    0.3000    0.4900    0.2800    0.5000         0    0.5400    0.2200    7
    0.3700    0.3200    0.4700    0.1800    0.5000         0    0.4500    0.2500    2
    0.6100    0.4800    0.5600    0.1900    0.5000         0    0.5300    0.3100    7
    0.3600    0.3500    0.4700    0.2200    0.5000         0    0.4400    0.3100    3
    0.8100    0.8500    0.4700    0.3700    0.5000         0    0.5600    0.2200    8
    0.6300    0.6400    0.4500    0.2600    0.5000         0    0.4300    0.2200    7
    0.4400    0.3300    0.5500    0.1600    0.5000         0    0.4900    0.2200    2
    0.4100    0.3900    0.6100    0.1700    0.5000         0    0.5000    0.6100    2
    0.6900    0.6100    0.3800    0.2700    0.5000         0    0.5200    0.2200    5
    0.5800    0.6300    0.5200    0.7000    0.5000         0    0.4600    0.2200    1
    0.5300    0.5100    0.5500    0.0500    0.5000         0    0.4500    0.2500    2
    0.4700    0.4900    0.6300    0.1700    0.5000         0    0.3100    0.2600    2
    0.4700    0.6500    0.5400    0.6200    0.5000         0    0.5300    0.3600    1
    0.3300    0.3700    0.5400    0.2800    0.5000         0    0.5300    0.2700    2
    0.3100    0.4600    0.5400    0.5200    0.5000         0    0.5000    0.3400    2
    0.5300    0.5300    0.6000    0.1300    0.5000         0    0.4900    0.2200    1
    0.4200    0.3500    0.5400    0.1800    0.5000         0    0.5600    0.2200    7
    0.6200    0.5100    0.5200    0.4200    0.5000         0    0.5400    0.2700    2
    0.8400    0.8700    0.4500    0.5400    0.5000         0    0.2800    0.2200    4
    0.4000    0.3400    0.5200    0.1700    0.5000         0    0.4700    0.5100    2
    0.3800    0.5000    0.5200    0.4400    0.5000         0    0.5400    0.1100    7
    0.5300    0.4500    0.5300    0.1800    0.5000         0    0.4200    0.2200    7
    0.3300    0.2800    0.3100    0.2400    0.5000         0    0.5300    0.2200    3
    0.5500    0.3800    0.5200    0.1600    0.5000         0    0.4900    0.6400    2
    0.4000    0.4300    0.3600    0.3300    0.5000         0    0.5100    0.2200    3
    0.8900    0.8100    0.3600    0.7100    0.5000         0    0.5500    0.6300    4
    0.3800    0.4200    0.5000    0.1900    0.5000         0    0.4400    0.2200    7
    0.4900    0.4600    0.3400    0.2100    0.5000         0    0.5500    0.2200    3
    0.6800    0.5800    0.5100    0.1900    0.5000    0.8300    0.5400    0.2200    6
    0.8100    0.7900    0.3200    0.3700    0.5000         0    0.4100    0.2200    4
    0.3900    0.5800    0.4700    0.1800    0.5000         0    0.4800    0.2200    1
    0.4800    0.4800    0.5600    0.1800    0.5000         0    0.5800    0.2200    7
    0.5600    0.4200    0.5200    0.1400    0.5000         0    0.5100    0.2200    7
    0.5500    0.4900    0.6000    0.1800    0.5000         0    0.5100    0.2200    2
    0.4800    0.3900    0.5100    0.2100    0.5000         0    0.5200    0.2800    7
    0.3800    0.6100    0.6100    0.1200    0.5000         0    0.5300    0.4700    7
    0.5000    0.5400    0.4800    0.6500    0.5000         0    0.5300    0.2200    1
    0.4300    0.3900    0.5100    0.2800    0.5000         0    0.4000    0.2200    2
    0.4500    0.4500    0.5100    0.3000    0.5000         0    0.4800    0.4400    7
    0.3600    0.3700    0.6300    0.2500    0.5000         0    0.3000    0.2200    7
    0.5700    0.4000    0.4800    0.2400    0.5000         0    0.5500    0.2200    7
    0.6600    0.3700    0.6000    0.2500    0.5000         0    0.6900    0.2200    1
    0.5600    0.4900    0.4700    0.1300    0.5000         0    0.5200    0.2200    2
    0.2800    0.5800    0.2100    0.1300    0.5000         0    0.5100    0.2200    3
    0.4100    0.5900    0.6500    0.1400    0.5000         0    0.4900    0.3300    2
    0.4500    0.3600    0.5000    0.1900    0.5000         0    0.5300    0.7000    2
    0.4900    0.4100    0.3200    0.2100    0.5000         0    0.5000    0.3200    3
    0.5800    0.5100    0.5600    0.1600    0.5000         0    0.3400    0.2200    2
    0.5300    0.5400    0.4300    0.1800    0.5000         0    0.5300    0.3100    2
    0.4400    0.5300    0.5200    0.3700    0.5000         0    0.5000    0.2200    2
    0.4500    0.5000    0.5700    0.2900    0.5000         0    0.4400    0.1100    7
    0.3100    0.4500    0.5000    0.1700    0.5000         0    0.4900    0.2200    7
    0.4900    0.4500    0.5700    0.2400    0.5000         0    0.4700    0.3800    2
    0.3700    0.3400    0.3200    0.2200    0.5000         0    0.5600    0.2200    3
    0.4300    0.4500    0.5300    0.1900    0.5000         0    0.5600    0.2200    7
    0.3000    0.3000    0.4600    0.3200    0.5000         0    0.4500    0.2200    2
    0.3500    0.4000    0.4400    0.2500    0.5000         0    0.5300    0.5700    2
    0.5200    0.5500    0.3900    0.0900    1         0    0.5500    0.2500    3
    0.4400    0.3400    0.6100    0.1300    0.5000         0    0.4900    0.2600    2
    0.4900    0.4300    0.5100    0.1300    0.5000         0    0.4700    0.2200    7
    0.3800    0.5100    0.7500    0.1700    0.5000         0    0.5500    0.2200    7
    0.7500    0.6000    0.4300    0.3500    0.5000         0    0.4500    0.2700    1
    0.4800    0.4500    0.5900    0.3500    0.5000         0    0.5500    0.3000    1
    0.4500    0.5200    0.5000    0.1200    0.5000         0    0.6000    0.2200    7
    0.5500    0.5900    0.5200    0.1000    0.5000         0    0.5300    0.2200    7
    0.5700    0.2900    0.6300    0.2200    0.5000         0    0.4900    0.2700    2
    0.5500    0.4500    0.4500    0.5400    0.5000         0    0.5000    0.2200    1
    0.4500    0.2100    0.4900    0.2400    0.5000         0    0.4600    0.3100    2
    0.4200    0.3900    0.4700    0.1300    0.5000         0    0.5000    0.2700    7
    0.4700    0.4100    0.4600    0.1800    0.5000         0    0.5300    0.2200    3
    0.4900    0.5100    0.5200    0.1300    0.5000         0    0.5100    0.3300    2
    0.5200    0.5600    0.5400    0.5300    0.5000         0    0.4500    0.2200    1
    0.4600    0.4900    0.4500    0.2800    0.5000         0    0.5500    0.2200    9
    0.4100    0.4600    0.5700    0.2500    0.5000         0    0.5700    0.3800    7
    0.3300    0.4200    0.5500    0.2300    0.5000         0    0.5200    0.4300    2
    0.7000    0.6500    0.5400    0.2800    0.5000         0    0.6000    0.4000    9
    0.4700    0.5200    0.5000    0.4000    0.5000         0    0.4100    0.2200    7
    0.4500    0.5700    0.3800    0.2800    0.5000         0    0.5300    0.3100    3
    0.4600    0.5700    0.5700    0.1500    0.5000         0    0.5200    0.2600    2
    0.6600    0.5500    0.5400    0.1800    0.5000         0    0.4300    0.2200    7
    0.6100    0.5500    0.5100    0.2600    0.5000         0    0.5200    0.2200    7
    0.3100    0.3900    0.5500    0.2800    0.5000         0    0.4600    0.3100    2
    0.4000    0.4500    0.5700    0.1800    0.5000         0    0.5600    0.2600    7
    0.3500    0.2100    1    0.8000    0.5000         0    0.1300    0.0100    7
    0.5500    0.5900    0.5300    0.1500    0.5000         0    0.4900    0.2200    2
    0.6100    0.3800    0.5700    0.3600    0.5000         0    0.4400    0.2100    7
    0.2700    0.5600    0.5600    0.1800    0.5000         0    0.5200    0.2200    7
    0.4500    0.7300    0.4700    0.6500    0.5000         0    0.5400    0.4300    1
    0.3800    0.5100    0.7500    0.1700    0.5000         0    0.5500    0.2200    7
    0.3900    0.3900    0.5500    0.5200    0.5000         0    0.3700    0.1600    2
    0.5500    0.4700    0.5300    0.2000    0.5000         0    0.4000    0.2200    2
    0.5000    0.4600    0.5200    0.1600    0.5000         0    0.5200    0.2600    7
    0.3300    0.4900    0.4600    0.2200    0.5000         0    0.5300    0.3300    3
    0.4600    0.5200    0.5100    0.1300    0.5000         0    0.4700    0.2200    7
    0.5100    0.4800    0.5800    0.2200    0.5000         0    0.5000    0.2800    2
    0.5700    0.4300    0.5200    0.3000    0.5000         0    0.3700    0.1100    7
    0.6500    0.5800    0.5300    0.2100    0.5000         0    0.5100    0.2200    9
    0.5700    0.4400    0.4200    0.2000    0.5000         0    0.5400    0.2200    7
    0.5100    0.4800    0.5100    0.1900    0.5000         0    0.5100    0.2700    7
    0.3700    0.4800    0.5000    0.2600    0.5000         0    0.5200    0.3900    2
    0.2500    0.3300    0.4800    0.1800    0.5000         0    0.4200    0.3300    2
    0.4300    0.4100    0.3700    0.1800    0.5000         0    0.5400    0.3100    3
    0.6900    0.6200    0.4900         0    1         0    0.4700    0.2200    2
    0.5800    0.4900    0.5000    0.4100    0.5000         0    0.5700    0.2200    1
    0.4100    0.5600    0.5300    0.1600    0.5000         0    0.5500    0.2600    2
    0.4500    0.5300    0.4700    0.4300    0.5000         0    0.5000    0.2700    1
    0.8700    0.4700    0.6000    0.4700    0.5000         0    0.5900    0.2200    2
    0.3900    0.4500    0.5300    0.1800    0.5000         0    0.5400    0.2200    7
    0.4500    0.4900    0.5700    0.2500    0.5000         0    0.4800    0.2200    2
    0.4300    0.3900    0.5400    0.1400    0.5000         0    0.4700    0.2200    2
    0.5600    0.4800    0.5000    0.3000    0.5000         0    0.5100    0.2200    7
    0.3900    0.3000    0.6300    0.2000    0.5000         0    0.4300    0.4700    7
    0.6400    0.5700    0.5700    0.2700    0.5000         0    0.3700    0.2200    7
    0.4500    0.4000    0.4300    0.2200    0.5000         0    0.5100    0.4800    2
    0.4200    0.4300    0.5600    0.1000    0.5000         0    0.4900    0.2200    7
    0.4800    0.4200    0.4800    0.1900    0.5000         0    0.5800    0.2200    7
    0.5400    0.4700    0.5800    0.4000    0.5000         0    0.4600    0.2700    1
    0.5600    0.5900    0.5300    0.1600    0.5000         0    0.2400    0.4200    2
    0.5300    0.4400    0.5100    0.3300    0.5000         0    0.5500    0.2200    7
    0.5100    0.3400    0.4300    0.1800    0.5000         0    0.4800    0.2500    7
    0.5000    0.4500    0.5200    0.1800    0.5000         0    0.5200    0.2200    7
    0.7800    0.7100    0.3500    0.2500    0.5000         0    0.4900    0.2200    4
    0.5900    0.4900    0.4500    0.2200    0.5000         0    0.4500    0.3100    2
    0.5800    0.4500    0.4800    0.2400    0.5000         0    0.5200    0.3700    7
    0.3400    0.4000    0.3000    0.2300    0.5000         0    0.5100    0.2200    3
    0.4000    0.4900    0.5300    0.2300    0.5000         0    0.4400    0.2600    2
    0.2800    0.4800    0.3600    0.1600    0.5000         0    0.5300    0.2200    3
    0.3700    0.3000    0.6200    0.4300    0.5000         0    0.4400    0.3900    7
    0.5000    0.3400    0.6200    0.1900    0.5000         0    0.5700    0.2200    7
    0.4500    0.4100    0.5800    0.4800    0.5000         0    0.5300    0.6400    2
    0.3100    0.5100    0.3800    0.1800    0.5000         0    0.4600    0.3100    3
    0.4600    0.4100    0.4300    0.1800    0.5000         0    0.5400    0.2200    3
    0.4900    0.4200    0.5600    0.5500    0.5000         0    0.4200    0.2500    1
    0.5400    0.5100    0.5400    0.5200    0.5000         0    0.4700    0.2500    1
    0.5900    0.6100    0.3400    0.2200    0.5000         0    0.5100    0.2200    1
    0.6000    0.4800    0.4600    0.3200    0.5000         0    0.4000    0.3300    7
    0.6400    0.6000    0.5700    0.1900    0.5000         0    0.4300    0.2200    2
    0.4800    0.4500    0.5500    0.5000    0.5000         0    0.5300    0.2200    1
    0.4800    0.5400    0.5600    0.2900    0.5000         0    0.5100    0.4300    2
    0.4800    0.6100    0.4400    0.2000    0.5000         0    0.4700    0.2200    7
    0.5400    0.4400    0.3500    0.1900    0.5000         0    0.5100    0.2700    3
    0.4200    0.4300    0.6700    0.7000    0.5000         0    0.4200    0.2500    7
    0.4200    0.4900    0.4900    0.3600    0.5000         0    0.5700    0.2600    1
    0.4400    0.3900    0.6300    0.1100    0.5000         0    0.4900    0.2600    2
    0.7200    0.5800    0.4200    0.2800    0.5000         0    0.4800    0.2200    1
    0.4700    0.4500    0.5100    0.3300    0.5000         0    0.4600    0.2600    2
    0.2800    0.4800    0.5600    0.1600    0.5000         0    0.4800    0.2600    7
    0.8000    0.7900    0.4300    0.2500    0.5000         0    0.5200    0.2200    8
    0.6100    0.5000    0.6100    0.2100    0.5000         0    0.5500    0.5400    7
    0.5100    0.5900    0.5500    0.2100    0.5000         0    0.5200    0.2200    7
    0.5300    0.4000    0.5700    0.1200    0.5000         0    0.5300    0.3200    2
    0.7700    0.7000    0.4400    0.2900    0.5000         0    0.5600    0.2200    4
    0.3600    0.3400    0.4600    0.1900    0.5000         0    0.5200    0.2200    5
    0.4600    0.6100    0.3800    0.3500    0.5000         0    0.4900    0.2200    3
    0.4200    0.2800    0.5100    0.2300    0.5000         0    0.5300    0.2700    2
    0.2300    0.2000    0.5300    0.2000    0.5000         0    0.4400    0.2200    2
    0.5500    0.6300    0.5400    0.1600    0.5000         0    0.4500    0.2700    7
    0.3200    0.5700    0.5000    0.1500    0.5000         0    0.5300    0.2200    7
    0.5900    0.4300    0.5200    0.1900    0.5000         0    0.5500    0.2700    7
    0.5100    0.4800    0.4600    0.2900    0.5000         0    0.5400    0.2200    7
    0.4900    0.4700    0.5300    0.1600    0.5000         0    0.4800    0.2700    2
    0.4600    0.3900    0.5400    0.2200    0.5000         0    0.4800    0.2500    7
    0.5900    0.4800    0.4100    0.5300    0.5000         0    0.4800    0.5600    3
    0.5500    0.6600    0.5700    0.3200    0.5000         0    0.5700    0.3400    7
    0.3300    0.4600    0.5300    0.1200    0.5000         0    0.5000    0.2700    7
    0.5700    0.4800    0.5400    0.2200    0.5000         0    0.5000    0.1100    7
    0.6400    0.5600    0.5200    0.1700    0.5000         0    0.5400    0.4700    2
    0.4800    0.3900    0.4900    0.1800    0.5000         0    0.5100    0.2200    7
    0.6800    0.6800    0.4900    0.1500    0.5000         0    0.5300    0.2200    8
    0.8000    0.6900    0.5300    0.3300    0.5000         0    0.5100    0.2200    5
    0.4200    0.3100    0.6200    0.1200    0.5000         0    0.4000    0.2200    1
    0.5000    0.5200    0.5900    0.3000    0.5000         0    0.5100    0.3500    2
    0.3400    0.5800    0.5000    0.2600    0.5000         0    0.5100    0.2200    2
    0.8600    0.7400    0.5100    0.4000    0.5000         0    0.5500    0.2200    5
    0.7700    0.8600    0.4400    0.2700    0.5000         0    0.4800    0.2200    4
    0.4200    0.3800    0.5200    0.2900    0.5000         0    0.4200    0.2200    2
    0.6900    0.4800    0.3800    0.1500    0.5000         0    0.5500    0.2200    5
    0.4700    0.4000    0.6300    0.1900    0.5000         0    0.5200    0.3200    2
    0.4200    0.4400    0.3300    0.1700    0.5000         0    0.5400    0.2700    3
    0.5200    0.4300    0.6100    0.2200    0.5000         0    0.4500    0.2200    7
    0.5300    0.4300    0.5700    0.2400    0.5000         0    0.3900    0.2800    7
    0.4700    0.4600    0.4900    0.2700    0.5000         0    0.5900    0.2200    7
    0.4000    0.4200    0.7100    0.2100    0.5000         0    0.5400    0.3200    7
    0.5100    0.4600    0.4100    0.3600    0.5000         0    0.4900    0.2200    3
    0.5200    0.4500    0.4500    0.1300    0.5000         0    0.4800    0.2200    2
    0.6800    0.6800    0.3500    0.1600    0.5000         0    0.6200    0.2200    9
    0.4300    0.2200    0.7900    0.7900    0.5000         0    0.2200         0    7
    0.5000    0.4500    0.5100    0.1900    0.5000         0    0.5300    0.2500    7
    0.3500    0.3600    0.5700    0.1700    0.5000         0    0.5200    0.2200    7
    0.3200    0.4700    0.5500    0.2500    0.5000         0    0.4900    0.2200    1
    0.5700    0.4700    0.6000    0.1800    0.5000         0    0.5100    0.2200    7
    0.6200    0.6400    0.5600    0.2000    0.5000         0    0.4800    0.3300    2
    0.5600    0.7100    0.4700    0.2100    0.5000         0    0.5200    0.2200    1
    0.8100    0.6500    0.5200    0.4100    0.5000         0    0.5700    0.2600    1
    0.4200    0.3200    0.5000    0.2100    0.5000         0    0.5100    0.2200    2
    0.6900    0.6600    0.3600    0.0900    0.5000         0    0.5600    0.2200    4
    0.3500    0.4700    0.5300    0.1900    0.5000         0    0.4800    0.2200    7
    0.3100    0.3000    0.3400    0.1900    0.5000         0    0.5500    0.3000    3
    0.5300    0.4800    0.4500    0.4400    0.5000         0    0.4900    0.2700    1
    0.4400    0.4500    0.5300    0.1900    0.5000         0    0.4100    0.2800    2
    0.4000    0.4500    0.4500    0.1500    0.5000         0    0.5300    0.4800    2
    0.4900    0.4800    0.5100    0.2100    0.5000         0    0.5300    0.2200    2
    0.4900    0.4400    0.5100    0.1800    0.5000         0    0.5200    0.2700    7
    0.5900    0.5100    0.4800    0.1200    0.5000         0    0.5400    0.3100    7
    0.5000    0.4900    0.4600    0.2200    0.5000         0    0.5300    0.2500    7
    0.9100    0.7700    0.3400    0.4700    0.5000         0    0.5200    0.3100    4
    0.4600    0.7100    0.4800    0.5300    0.5000         0    0.5300    0.2200    1
    0.8800    0.7500    0.4100    0.3600    0.5000         0    0.4300    0.2200    5
    0.4300    0.5700    0.5300    0.1600    0.5000         0    0.5400    0.2200    7
    0.4600    0.4100    0.5800    0.1000    0.5000         0    0.4800    0.2200    2
    0.3200    0.4900    0.5300    0.2800    0.5000         0    0.5000    0.5000    2
    0.4800    0.1700    0.3700    0.3300    0.5000         0    0.4400    0.3600    2
    0.4200    0.5100    0.5000    0.1200    0.5000         0    0.5200    0.4600    2
    0.4800    0.5700    0.5200    0.6100    0.5000         0    0.5100    0.2200    1
    0.5200    0.3700    0.4800    0.1300    0.5000         0    0.5500    0.2200    2
    0.5200    0.5000    0.6000    0.2000    0.5000         0    0.5200    0.2200    7
    0.3700    0.3100    0.5300    0.1600    0.5000         0    0.5300    0.4400    2
    0.5000    0.4700    0.4500    0.1400    0.5000         0    0.5300    0.3200    3
    0.6100    0.5700    0.4500    0.2100    0.5000         0    0.5000    0.4200    2
    0.3700    0.5300    0.6000    0.1900    0.5000    0.5000    0.4200    0.2200    6
    0.6500    0.6600    0.3700    0.1200    0.5000         0    0.5200    0.2700    3
    0.4800    0.5000    0.4700    0.2900    0.5000         0    0.4600    0.2700    2
    0.4500    0.4100    0.5300    0.4900    0.5000         0    0.4900    0.3100    2
    0.6200    0.3300    0.4900    0.2400    0.5000         0    0.5100    0.4200    7
    0.4800    0.4900    0.4500    0.2300    0.5000         0    0.5100    0.2200    3
    0.5900    0.5100    0.4800    0.1200    0.5000         0    0.5400    0.3100    7
    0.8400    0.6300    0.3800    0.2300    0.5000         0    0.5300    0.2200    8
    0.4500    0.4000    0.5600    0.1400    0.5000         0    0.5400    0.2200    7
    0.4200    0.2800    0.5700    0.1800    0.5000         0    0.4200    0.2200    2
    0.3600    0.5200    0.6100    0.3300    0.5000         0    0.5200    0.3700    2
    0.5800    0.5000    0.5000    0.1200    0.5000         0    0.4800    0.2500    2
    0.4500    0.4200    0.5200    0.2000    0.5000         0    0.5000    0.2500    7
    0.3400    0.3400    0.6500    0.4000    0.5000         0    0.3200    0.1600    7
    0.3200    0.4400    0.5400    0.2100    0.5000         0    0.4000    0.1900    7
    0.4700    0.3900    0.5000    0.1100    0.5000         0    0.4900    0.4000    7
    0.3700    0.5800    0.5000    0.2200    0.5000         0    0.4700    0.2200    2
    0.3500    0.6800    0.5700    0.4000    0.5000         0    0.5300    0.3600    2
    0.4800    0.3400    0.4700    0.1400    0.5000         0    0.4700    0.2600    7
    0.2400    0.4100    0.4700    0.1600    0.5000         0    0.5100    0.3800    2
    0.2900    0.6800    0.4700    0.2600    0.5000         0    0.4700    0.3700    2
    0.5300    0.4400    0.5100    0.3300    0.5000         0    0.5200    0.2200    1
    0.6200    0.6000    0.4700    0.1600    0.5000         0    0.5300    0.2200    7
    0.3800    0.4000    0.5900    0.2500    0.5000         0    0.4400    0.2200    7
    0.5100    0.4300    0.6300    0.1800    0.5000         0    0.5200    0.2200    7
    0.2100    0.3800    0.4900    0.1600    0.5000         0    0.5100    0.4500    7
    0.5000    0.4500    0.4900    0.3000    0.5000         0    0.4700    0.4000    2
    0.3800    0.3700    0.3600    0.1400    0.5000         0    0.5400    0.2200    3
    0.5100    0.3800    0.4200    0.2100    0.5000         0    0.4600    0.3400    3
    0.4300    0.5400    0.5800    0.1600    0.5000         0    0.5000    0.3600    2
    0.3900    0.3900    0.5900    0.2500    0.5000         0    0.4500    0.2200    7
    0.2900    0.4000    0.4100    0.4800    0.5000         0    0.5300    0.3000    2
    0.7200    0.5600    0.4000    0.2600    0.5000         0    0.5100    0.2600    5
    0.4000    0.4400    0.4700    0.2500    0.5000         0    0.5400    0.5600    2
    0.5600    0.5200    0.4800    0.1700    0.5000         0    0.4600    0.2200    2
    0.3300    0.3800    0.4700    0.1400    0.5000         0    0.5100    0.4700    2
    0.5000    0.6400    0.5700    0.1500    0.5000         0    0.4700    0.2200    7
    0.6900    0.6000    0.5000    0.3100    0.5000         0    0.5500    0.2200    7
    0.4600    0.5000    0.5000    0.2800    0.5000         0    0.5000    0.3700    2
    0.3900    0.4400    0.2800    0.1200    0.5000         0    0.4600    0.2700    3
    0.4500    0.4500    0.5200    0.1700    0.5000         0    0.5400    0.2200    7
    0.4800    0.5600    0.4900    0.3200    0.5000         0    0.5000    0.2200    7
    0.3100    0.3100    0.5700    0.1500    0.5000         0    0.5000    0.2200    7
    0.3600    0.4800    0.6100    0.2600    0.5000         0    0.5000    0.1600    2
    0.7800    0.7400    0.5800    0.2500    1         0    0.5300    0.2200   10
    0.5200    0.5100    0.5100    0.5400    0.5000         0    0.5500    0.2700    1
    0.5700    0.5200    0.4600    0.2000    0.5000    0.8300    0.5200    0.4100    6
    0.6300    0.5600    0.5200    0.2100    0.5000         0    0.5000    0.2200    7
    0.2500    0.4000    0.5400    0.1600    0.5000         0    0.4300    0.2200    7
    0.3400    0.5400    0.5400    0.1300    0.5000         0    0.5200    0.2200    7
    0.8600    0.6800    0.3900    0.2400    0.5000         0    0.5400    0.2200    5
    0.5300    0.3800    0.6600    0.2500    0.5000         0    0.4300    0.2200    2
    0.6300    0.6400    0.4500    0.2600    0.5000         0    0.4300    0.2200    7
    0.6100    0.5400    0.4900    0.1600    0.5000         0    0.5400    0.4200    7
    0.8100    0.6200    0.4300    0.1700    0.5000         0    0.5300    0.2200    5
    0.4500    0.5800    0.5900    0.4400    0.5000         0    0.5600    0.2200    1
    0.2600    0.3800    0.5200    0.3600    0.5000         0    0.4800    0.5600    2
    0.5000    0.6200    0.5400    0.6600    0.5000         0    0.4900    0.2200    1
    0.4700    0.4100    0.6600    0.2600    0.5000         0    0.5300    0.2200    1
    0.6600    0.6000    0.5200    0.1900    0.5000         0    0.6900    0.2200    7
    0.5300    0.4100    0.5000    0.2400    1         0    0.4700    0.2200    7
    0.7400    0.7500    0.5800    0.4700    0.5000         0    0.4000    0.3500    5
    0.9000    0.5400    0.5900    0.2000    0.5000         0    0.4800    0.2200    2
    0.5400    0.4300    0.4800    0.2700    0.5000         0    0.4400    0.4100    7
    0.6300    0.5600    0.4500    0.5800    0.5000         0    0.5100    0.2200    1
    0.8300    0.5300    0.5200    0.2000    0.5000         0    0.4800    0.2500    5
    0.3300    0.3700    0.4900    0.2200    0.5000         0    0.5500    0.2200    7
    0.3400    0.3100    0.6000    0.3700    0.5000         0    0.5000    0.3000    2
    0.4200    0.5100    0.3300    0.1600    0.5000         0    0.5400    0.2200    3
    0.4500    0.4100    0.5000    0.4600    0.5000    0.5000    0.5000    0.2700    6
    0.3900    0.4000    0.5300    0.6700    0.5000         0    0.4700    0.2200    7
    0.8300    0.8100    0.4500    0.3800    0.5000         0    0.4000    0.2600    8
    0.5200    0.5400    0.4700    0.4900    0.5000         0    0.5400    0.2200    1
    0.5800    0.5300    0.3300    0.2600    0.5000         0    0.5100    0.2200    3
    0.4300    0.4000    0.6000    0.1600    0.5000         0    0.5300    0.3900    2
    0.5600    0.5100    0.3200    0.4900    0.5000         0    0.4800    0.2200    2
    0.5400    0.5500    0.4200    0.2200    0.5000         0    0.4800    0.2200    3
    0.3900    0.5600    0.3400    0.1800    0.5000         0    0.4900    0.2200    3
    0.6300    0.6500    0.4200    0.1800    0.5000         0    0.5400    0.2700    3
    0.4200    0.4200    0.5500    0.3100    0.5000         0    0.4300    0.2200    2
    0.5000    0.4600    0.4900    0.2700    0.5000         0    0.6000    0.2200    7
    0.4000    0.3600    0.5500    0.1500    0.5000         0    0.5300    0.2200    9
    0.4800    0.4900    0.4900    0.2600    0.5000         0    0.3900    0.2700    9
    0.5500    0.5300    0.5600    0.2900    0.5000         0    0.4800    0.2200    1
    0.5100    0.3900    0.5800    0.1900    0.5000         0    0.4700    0.2200    7
    0.5900    0.5300    0.4700    0.2600    0.5000         0    0.5300    0.3100    2
    0.3400    0.4200    0.3000    0.2300    0.5000         0    0.5300    0.2200    3
    0.4900    0.5600    0.3700    0.2000    0.5000         0    0.5300    0.2200    3
    0.6400    0.5300    0.4500    0.1300    0.5000         0    0.5300    0.2200    7
    0.5100    0.5200    0.4800    0.5000    0.5000         0    0.5100    0.2200    1
    0.4500    0.5400    0.5400    0.6200    0.5000         0    0.5300    0.2200    1
    0.5400    0.5700    0.5500    0.1800    0.5000         0    0.5000    0.2200    2
    0.3900    0.4200    0.4900    0.1000    0.5000         0    0.4900    0.6500    2
    0.3000    0.5500    0.5800    0.1600    0.5000         0    0.6100    0.2800    2
    0.4500    0.4600    0.6100    0.2000    0.5000         0    0.6200    0.2200    7
    0.6100    0.7200    0.3900    0.3300    0.5000         0    0.5800    0.2200    1
    0.3800    0.4200    0.5000    0.1900    0.5000         0    0.4400    0.2200    7
    0.6700    0.6800    0.4600    0.2900    0.5000         0    0.4600    0.2200    1
    0.5300    0.4300    0.4700    0.1500    0.5000         0    0.5800    0.2200    7
    0.6200    0.5800    0.4600    0.1300    0.5000         0    0.5300    0.2200    7
    0.4500    0.5900    0.5300    0.7400    0.5000         0    0.4700    0.2500    1
    0.4300    0.5700    0.5100    0.4900    0.5000         0    0.4800    0.2200    1
    0.3500    0.4900    0.4700    0.2200    0.5000         0    0.5000    0.2800    1
    0.4400    0.5500    0.5100    0.1600    0.5000         0    0.6000    0.2200    7
    0.4000    0.7500    0.4400    0.1200    0.5000         0    0.4900    0.2200    2
    0.8700    0.8300    0.5700    0.3600    0.5000         0    0.3600    0.2200    8
    0.4100    0.5200    0.5300    0.4100    0.5000         0    0.3900    0.3300    1
    0.4500    0.5600    0.5400    0.3200    0.5000         0    0.5700    0.2200    7
    0.4900    0.4200    0.5400    0.1700    0.5000         0    0.5000    0.3600    7
    0.4900    0.4400    0.4500    0.5500    0.5000         0    0.4800    0.2200    1
    0.7700    0.5700    0.4500    0.1700    0.5000         0    0.5300    0.2200    7
    0.6100    0.7300    0.5000    0.5800    0.5000         0    0.5000    0.2200    1
    0.5200    0.4900    0.5700    0.5700    0.5000         0    0.5100    0.2200    2
    0.7800    0.6900    0.4400    0.2600    0.5000         0    0.5400    0.2200    4
    0.6000    0.4000    0.5200    0.4600    0.5000         0    0.5300    0.2200    1
    0.3800    0.5800    0.4600    0.2100    0.5000         0    0.5200    0.2200    2
    0.4400    0.4200    0.6000    0.2100    0.5000         0    0.5700    0.2200    7
    0.3600    0.3300    0.3800    0.1500    0.5000         0    0.5500    0.3600    3
    0.4400    0.6800    0.4500    0.5100    0.5000         0    0.5200    0.4100    1
    0.3600    0.6800    0.3800    0.0800    0.5000         0    0.5300    0.2500    9
    0.4200    0.3100    0.5000    0.1500    0.5000         0    0.5300    0.2200    2
    0.6300    0.6000    0.5000    0.2700    0.5000         0    0.5500    0.2200    1
    0.6600    0.6500    0.5300    0.1700    0.5000         0    0.4700    0.6600    2
    0.6200    0.5800    0.5200    0.1500    0.5000         0    0.5200    0.2900    7
    0.3700    0.4000    0.3800    0.1800    0.5000         0    0.5100    0.2200    3
    0.5300    0.3100    0.5800    0.3900    0.5000         0    0.4700    0.3700    2
    0.6300    0.6100    0.4100    0.2200    0.5000         0    0.5100    0.2200    3
    0.4100    0.5900    0.4600    0.1900    0.5000         0    0.3600    0.2200    8
    0.3600    0.6800    0.4600    0.1600    0.5000         0    0.5300    0.2800    2
    0.4600    0.5900    0.3800    0.1200    0.5000         0    0.5000    0.2200    3
    0.5600    0.5200    0.4600    0.1700    0.5000         0    0.4900    0.7300    7
    0.5100    0.5500    0.3500    0.1600    0.5000         0    0.5100    0.4700    3
    0.5800    0.4600    0.4600    0.3400    0.5000         0    0.5000    0.4300    2
    0.8900    0.5200    0.4100    0.2600    0.5000         0    0.5200    0.3100    5
    0.4400    0.3500    0.5500    0.1400    0.5000         0    0.5200    0.2200    9
    0.5800    0.5200    0.6100    0.3300    0.5000         0    0.3800    0.1100    1
    0.6400    0.5600    0.5600    0.2200    0.5000         0    0.4500    0.2200    7
    0.3900    0.3500    0.4900    0.1700    0.5000         0    0.4900    0.2200    2
    0.5500    0.4600    0.5300    0.1100    0.5000         0    0.5200    0.4800    7
    0.4000    0.4300    0.4900    0.1700    0.5000         0    0.5100    0.3600    2
    0.3400    0.3800    0.4500    0.1900    0.5000         0    0.5100    0.2200    5
    0.4400    0.4300    0.4600    0.2800    0.5000         0    0.4500    0.2900    2
    0.2800    0.1800    0.7200    0.2600    0.5000         0    0.4900    0.2500    1
    0.5500    0.3500    0.3600    0.2900    0.5000         0    0.5100    0.2200    3
    0.3200    0.3200    0.5200    0.1800    0.5000         0    0.4800    0.3400    7
    0.3800    0.4800    0.5700    0.3000    0.5000         0    0.4100    0.1100    7
    0.5900    0.4500    0.5800    0.2100    0.5000         0    0.4900    0.2200    1
    0.3500    0.3900    0.5600    0.2000    0.5000         0    0.4900    0.4100    7
    0.4800    0.4300    0.5100    0.3200    0.5000         0    0.5200    0.4300    2
    0.6300    0.5700    0.5000    0.4800    0.5000         0    0.5100    0.2200    1
    0.4600    0.5400    0.7100    0.1500    0.5000         0    0.5900    0.2200    1
    0.5800    0.5800    0.5800    0.4900    0.5000         0    0.4900    0.2600    1
    0.4600    0.4100    0.4500    0.2300    0.5000         0    0.4800    0.2200    2
    0.7200    0.6200    0.3400    0.2900    0.5000         0    0.5600    0.2800    1
    0.5600    0.5900    0.4500    0.1500    0.5000         0    0.5400    0.2200    1
    0.3700    0.4600    0.4000    0.2700    0.5000         0    0.4500    0.2200    2
    0.3500    0.5000    0.4400    0.2700    0.5000         0    0.5100    0.2200    7
    0.7900    0.7400    0.4900    0.3300    0.5000         0    0.4800    0.2200    8
    0.4900    0.5300    0.3600    0.1500    0.5000         0    0.5200    0.2700    3
    0.2500    0.4100    0.4700    0.1400    0.5000         0    0.5600    0.6800    2
    0.4600    0.5300    0.4700    0.3700    0.5000         0    0.5100    0.3600    2
    0.7100    0.5000    0.5000    0.1800    0.5000         0    0.4600    0.2200    7
    0.5800    0.4400    0.4500    0.3200    0.5000         0    0.5200    0.3700    2
    0.4100    0.4500    0.4600    0.2300    0.5000         0    0.5000    0.7000    7
    0.4400    0.4100    0.5800    0.2000    0.5000         0    0.5700    0.2500    7
    0.5600    0.6200    0.5300    0.2400    0.5000         0    0.5700    0.2200    7
    0.4900    0.6200    0.6500    0.1800    0.5000         0    0.4600    0.4300    2
    0.5700    0.5900    0.4900    0.8600    0.5000         0    0.4700    0.2200    2
    0.3900    0.2800    0.4600    0.1200    0.5000         0    0.4100    0.2200    2
    0.5500    0.3900    0.3900    0.4700    0.5000         0    0.5000    0.8300    3
    0.7700    0.8000    0.5100    0.4000    1         0    0.5400    0.2200   10
    0.6400    0.5200    0.5000    0.2600    0.5000         0    0.5100    0.3100    2
    0.9400    0.6000    0.3300    0.4900    0.5000         0    0.5400    0.2200    5
    0.4600    0.3500    0.6900    0.1800    0.5000         0    0.3000    0.2500    7
    0.5000    0.4500    0.4800    0.1700    0.5000         0    0.5000    0.2600    7
    0.7700    0.7200    0.4800    0.2600    0.5000         0    0.5100    0.2200    8
    0.8100    0.9000    0.3900    0.4100    0.5000         0    0.5300    0.2200    5
    0.3400    0.3500    0.6100    0.1900    0.5000         0    0.5200    0.2500    2
    0.5300    0.4200    0.5800    0.2900    0.5000         0    0.5000    0.2200    1
    0.4700    0.3700    0.4600    0.2800    0.5000         0    0.5200    0.9900    2
    0.4800    0.2300    0.5700    0.2700    0.5000         0    0.4800    0.4700    2
    0.3900    1    0.3800    0.4100    0.5000         0    0.5000    0.2700    1
    0.4400    0.5300    0.4300    0.1700    0.5000         0    0.5400    0.7500    2
    0.5500    0.3800    0.6400    0.4200    0.5000         0    0.4700    0.2200    1
    0.4000    0.4500    0.5600    0.2000    0.5000         0    0.4500    0.2200    7
    0.4800    0.4600    0.3800    0.2900    0.5000         0    0.5300    0.2200    3
    0.6800    0.3900    0.5000    0.1500    0.5000         0    0.4800    0.3700    2
    0.3300    0.2800    0.5000    0.4000    0.5000         0    0.4600    0.6100    2
    0.3700    0.2200    0.6400    0.3500    0.5000         0    0.4700    0.2200    2
    0.6900    0.5700    0.3900    0.1900    0.5000         0    0.4800    0.3900    5
    0.4200    0.5800    0.4100    0.6500    0.5000         0    0.4600    0.2600    1
    0.4700    0.4900    0.6000    0.1500    0.5000         0    0.3800    0.2200    7
    0.6600    0.5400    0.4900    0.1600    0.5000         0    0.5400    0.3600    2
    0.3400    0.4600    0.5200    0.1900    0.5000         0    0.5300    0.2600    7
    0.4700    0.5800    0.4700    0.5200    0.5000         0    0.5400    0.2200    1
    0.5800    0.3800    0.4000    0.2100    0.5000         0    0.5000    0.2200    7
    0.5900    0.6700    0.5600    0.4100    0.5000         0    0.4700    0.2200    1
    0.4600    0.4600    0.5600    0.1200    0.5000         0    0.5500    0.2200    1
    0.4100    0.5200    0.4100    0.1100    0.5000         0    0.5400    0.3500    7
    0.5900    0.5600    0.5000    0.4800    0.5000         0    0.4600    0.2200    1
    0.5200    0.6400    0.3400    0.1600    0.5000         0    0.5700    0.2200    1
    0.3800    0.4900    0.5400    1    0.5000         0    0.5000    0.2700    7
    0.3800    0.3800    0.5400    0.2400    0.5000         0    0.5400    0.2200    2
    0.4700    0.3800    0.5000    0.1500    0.5000         0    0.4900    0.4700    2
    0.7600    0.7400    0.5600    0.3400    0.5000         0    0.5100    0.3000    5
    0.5200    0.4800    0.5400    0.2800    0.5000         0    0.5400    0.2200    2
    0.4900    0.4800    0.5200    0.2400    0.5000         0    0.5000    0.2200    7
    0.5700    0.4300    0.5200    0.3000    0.5000         0    0.3700    0.1100    7
    1    0.8000    0.2900    0.3600    0.5000         0    0.5200    0.2200    4
    0.6800    0.5000    0.4300    0.2700    0.5000         0    0.6100    0.2200    5
    0.5900    0.5800    0.5600    0.2100    0.5000         0    0.5400    0.3300    2
    0.4800    0.4500    0.5900    0.2000    0.5000         0    0.5800    0.3400    2
    0.2400    0.3400    0.6900    0.1800    0.5000         0    0.5200    0.2200    7
    0.3400    0.4600    0.5700    0.0900    0.5000         0    0.5500    0.2200    7
    0.7000    0.6900    0.4300    0.3300    0.5000         0    0.5800    0.2200    4
    0.4200    0.3700    0.5400    0.1700    0.5000         0    0.5100    0.2200    7
    0.3100    0.5000    0.5400    0.3200    0.5000         0    0.5300    0.3100    2
    0.4700    0.6100    0.5000    0.2300    0.5000         0    0.4900    0.2200    3
    0.5400    0.5200    0.6300    0.3700    0.5000         0    0.4600    0.2200    1
    0.2900    0.3200    0.5800    0.1500    0.5000         0    0.5000    0.3000    7
    0.4900    0.6000    0.4300    0.5600    0.5000         0    0.3600    0.2200    1
    0.3300    0.3500    0.5600    0.1900    0.5000         0    0.5000    0.2200    2
    0.7000    0.7800    0.5300    0.2400    0.5000         0    0.4800    0.2200    9
    0.4700    0.3200    0.5100    0.2400    0.5000         0    0.5400    0.2700    2
    0.4900    0.4600    0.4200    0.4600    0.5000         0    0.5500    0.2200    2
    0.2200    0.5300    0.3600    0.2200    0.5000         0    0.5400    0.3100    3
    0.4900    0.4900    0.5100    0.2900    0.5000         0    0.5200    0.7100    2
    0.4000    0.3700    0.5400    0.1300    0.5000         0    0.4800    0.2200    2
    0.5200    0.6500    0.3600    0.2600    0.5000         0    0.4400    0.2200    3
    0.5100    0.5000    0.5400    0.1100    0.5000         0    0.6000    0.2200    2
    0.6100    0.4600    0.5400    0.1100    0.5000         0    0.4700    0.2200    7
    0.1900    0.4100    0.5500    0.1300    0.5000         0    0.5200    0.2500    7
    0.5000    0.3600    0.6400    0.3700    0.5000         0    0.3700    0.3300    2
    0.5100    0.3400    0.4900    0.1600    0.5000         0    0.5300    0.2100    2
    0.7400    0.7500    0.4500    0.4400    0.5000         0    0.5200    0.2200    6
    0.4700    0.4600    0.5300    0.1200    0.5000         0    0.5100    0.2500    2
    0.6000    0.6200    0.5400    0.4000    0.5000         0    0.5000    0.2200    1
    0.3300    0.3600    0.6200    0.2600    0.5000         0    0.5500    0.2200    7
    0.4300    0.5100    0.5400    0.1500    0.5000         0    0.4500    0.2600    2
    0.5100    0.4600    0.5700    0.2500    0.5000         0    0.5300    0.2200    7
    0.5100    0.3900    0.5600    0.5500    0.5000         0    0.4600    0.6400    1
    0.4800    0.5800    0.4700    0.1700    0.5000         0    0.5300    0.7400    7
    0.4900    0.6000    0.5500    0.1700    0.5000         0    0.4400    0.2200    7
    0.4200    0.4700    0.5200    0.4100    0.5000         0    0.5300    0.3200    7
    0.6900    0.7000    0.5200    0.3600    0.5000         0    0.4600    0.2200    8
    0.4600    0.6100    0.5500    0.2900    0.5000         0    0.4900    0.2200    1
    0.4600    0.5400    0.5900    0.4100    0.5000         0    0.5300    0.2100    7
    0.7700    0.6800    0.3500    0.1900    0.5000         0    0.5300    0.4300    4
    0.7800    0.6300    0.5300    0.1300    0.5000         0    0.5400    0.2200    5
    0.5700    0.5800    0.5800    0.3500    0.5000         0    0.4900    0.2200    1
    0.4800    0.5800    0.5800    0.1200    0.5000         0    0.4900    0.2200    9
    0.3900    0.4200    0.3800    0.4000    0.5000         0    0.4900    0.4700    3
    0.5000    0.4800    0.4800    0.2300    0.5000         0    0.5300    0.6800    7
    0.4200    0.3200    0.6100    0.1300    0.5000         0    0.1400    0.2700    2
    0.5400    0.6500    0.4900    0.3400    0.5000         0    0.5200    0.2200    7
    0.3900    0.4500    0.7500    0.1700    0.5000         0    0.5100    0.2200    7
    0.5800    0.4500    0.5500    0.2700    0.5000         0    0.4800    0.1100    7
    0.2700    0.3900    0.6600    0.1100    0.5000         0    0.4400    0.2200    1
    0.4800    0.5400    0.5000    0.1700    0.5000         0    0.5300    0.2200    2
    0.4000    0.7400    0.4900    0.1600    0.5000         0    0.5100    0.2200    1
    0.5500    0.5900    0.4700    0.6400    0.5000         0    0.5400    0.3300    1
    0.4300    0.5200    0.5300    0.5200    1         0    0.4900    0.2200    7
    0.5500    0.7900    0.4500    0.2500    0.5000         0    0.5100    0.2200    2
    0.4100    0.5400    0.5800    0.2000    0.5000         0    0.5200    0.2200    1
    0.3000    0.5000    0.4700    0.1100    0.5000         0    0.4600    0.2200    7
    0.5600    0.5000    0.5600    0.2600    0.5000         0    0.5300    0.2700    2
    0.5400    0.5900    0.5700    0.3400    0.5000         0    0.4900    0.2200    2
    0.8500    0.6900    0.3400    0.3100    0.5000         0    0.5700    0.3000    4
    0.5800    0.4100    0.5100    0.2600    0.5000         0    0.5100    0.3700    7
    0.5100    0.5400    0.6000    0.5700    0.5000         0    0.5800    0.2200    1
    0.3800    0.4900    0.5300    0.1900    0.5000         0    0.5000    0.2200    7
    0.5100    0.4500    0.6200    0.2500    0.5000         0    0.5900    0.2200    1
    0.6000    0.4600    0.5900    0.1600    0.5000         0    0.4900    0.2200    1
    0.3900    0.3700    0.5600    0.1500    0.5000         0    0.5000    0.2700    7
    0.5800    0.3700    0.5800    0.1600    0.5000         0    0.5100    0.2200    2
    0.5000    0.4000    0.5600    0.7000    0.5000         0    0.5000    0.2200    1
    0.6600    0.5200    0.5200    0.4400    0.5000         0    0.5600    0.2700    1
    0.4500    0.5700    0.5200    0.2100    0.5000         0    0.5400    0.3800    2
    0.2000    0.3400    0.3300    0.1000    0.5000         0    0.4800    0.3100    3
    0.3800    0.4000    0.6600    0.3500    0.5000         0    0.4300    0.1100    7
    0.2500    0.4200    0.2100    0.1400    0.5000         0    0.4100    0.2200    3
    0.9200    0.6600    0.5200    0.2300    0.5000         0    0.5300    0.2200    4
    0.5700    0.3600    0.5100    0.2500    0.5000         0    0.5400    0.2500    7
    0.7400    0.7300    0.3200    0.2000    0.5000         0    0.5500    0.2200    4
    0.2800    0.5100    0.5500    0.1100    0.5000         0    0.4600    0.2200    2
    0.4100    0.4500    0.5300    0.1700    0.5000         0    0.5100    0.2500    2
    0.5200    0.4600    0.5100    0.1800    0.5000         0    0.5000    0.2200    7
    0.4700    0.5300    0.4800    0.5100    0.5000         0    0.5400    0.2200    1
    0.4400    0.4900    0.4900    0.2700    0.5000         0    0.5200    0.2200    7
    0.6900    0.7000    0.5000    0.3000    0.5000         0    0.5400    0.2200    9
    0.4700    0.4500    0.5300    0.6200    0.5000         0    0.4600    0.2200    1
    0.2700    0.4300    0.5000    0.1300    0.5000         0    0.5400    0.3100    7
    0.4700    0.5000    0.6000    0.6300    0.5000         0    0.3800    0.1600    7
    0.4400    0.5900    0.3600    0.1600    0.5000         0    0.5200    0.2200    3
    0.4500    0.5700    0.3000    0.1700    0.5000         0    0.5100    0.2200    3
    0.3000    0.3300    0.5500    0.1200    0.5000         0    0.5300    0.3800    7
    0.3600    0.3700    0.3300    0.1400    0.5000         0    0.5700    0.3100    3
    0.3800    0.6200    0.5200    0.1400    0.5000         0    0.5300    0.2200    7
    0.4000    0.2800    0.4800    0.0600    0.5000         0    0.4900    0.4200    2
    0.4600    0.3300    0.4500    0.2200    0.5000         0    0.4100    0.3700    7
    0.8500    0.5600    0.3300    0.3800    1         0    0.5500    0.2500   10
    0.5600    0.4500    0.5900    0.1400    0.5000         0    0.5100    0.2600    2
    0.4700    0.5400    0.5300    0.7700    0.5000         0    0.5200    0.3600    1
    0.6400    0.6100    0.5600    0.1500    0.5000         0    0.5400    0.2200    9
    0.4600    0.4300    0.5000    0.2400    0.5000         0    0.4800    0.3100    7
    0.2900    0.4300    0.4000    0.1500    0.5000         0    0.5300    0.2200    3
    0.5100    0.4800    0.5800    0.2200    0.5000         0    0.5000    0.2800    2
    0.4500    0.3800    0.6400    0.1400    0.5000         0    0.5400    0.2200    1
    0.3500    0.3200    0.3100    0.1600    0.5000         0    0.5600    0.2200    3
    0.5700    0.4900    0.4800    0.1600    0.5000         0    0.5100    0.2200    2
    0.6500    0.6200    0.2600    0.3300    0.5000         0    0.5500    0.2200    3
    0.5200    0.3800    0.6200    0.1200    0.5000         0    0.4100    0.2800    2
    0.6300    0.5700    0.5900    0.4000    0.5000         0    0.3800    0.2200    1
    0.4600    0.3800    0.5100    0.2000    0.5000         0    0.5100    0.2200    7
    0.5500    0.4100    0.5600    0.2100    0.5000         0    0.5200    0.2200    7
    0.5900    0.5400    0.5300    0.1400    0.5000         0    0.4800    0.2200    7
    0.3000    0.3700    0.4000    0.4500    0.5000         0    0.4800    0.4100    3
    0.5200    0.7500    0.3700    0.1400    0.5000         0    0.4600    0.2200    3
    0.4800    0.6500    0.3600    0.2400    0.5000         0    0.5400    0.3100    2
    0.5500    0.4600    0.4700    0.1500    0.5000         0    0.4700    0.2200    3
    0.7500    0.7300    0.3500    0.3300    0.5000         0    0.4900    0.2800    4
    0.4100    0.3500    0.6000    0.2200    0.5000         0    0.5600    0.7900    7
    0.5700    0.5100    0.5800    0.2200    0.5000         0    0.5100    0.2200    2
    0.5900    0.5800    0.3900    0.5200    0.5000         0    0.5000    0.3100    7
    0.5800    0.4800    0.5100    0.4700    0.5000         0    0.5500    0.2200    2
    0.5000    0.4100    0.4400    0.5000    0.5000         0    0.4200    0.2200    1
    0.4100    0.4100    0.4300    0.6100    0.5000         0    0.5300    0.2200    1
    0.4800    0.5500    0.5800    0.1800    0.5000         0    0.3800    0.6900    2
    0.2700    0.3600    0.6000    0.3300    0.5000         0    0.3700    0.3100    2
    0.4100    0.4200    0.2300    0.1600    0.5000         0    0.4000    0.2200    3
    0.3200    0.4200    0.5200    0.2400    0.5000         0    0.6000    0.2200    7
    0.4400    0.7100    0.5000    0.2100    0.5000         0    0.5400    0.2700    7
    0.5500    0.5000    0.6000    0.3100    0.5000         0    0.4600    0.2700    1
    0.4100    0.4600    0.5800    0.0800    0.5000         0    0.5100    0.2800    2
    0.5400    0.5400    0.4900    0.1400    0.5000         0    0.5600    0.2200    7
    0.4100    0.3900    0.5100    0.5200    0.5000         0    0.4900    0.2200    7
    0.5200    0.4700    0.5800    0.1800    0.5000         0    0.3400    0.1100    7
    0.5000    0.5600    0.4900    0.6100    0.5000         0    0.5000    0.2200    1
    0.5900    0.5800    0.4700    0.6100    0.5000         0    0.4400    0.3000    1
    0.2800    0.4100    0.4600    0.1800    0.5000         0    0.4700    0.3900    2
    0.7800    0.8200    0.5600    0.2100    0.5000         0    0.6900    0.2200    7
    0.3900    0.4400    0.5400    0.2400    0.5000         0    0.5100    0.4900    2
    0.4200    0.4400    0.4800    0.5400    0.5000         0    0.4800    0.2200    1
    0.4400    0.5300    0.5300    0.3700    0.5000         0    0.5100    0.2200    1
    0.4800    0.4600    0.5800    0.1600    0.5000         0    0.4500    0.2200    7
    0.7000    0.7300    0.3700    0.3700    0.5000         0    0.4800    0.3100    4
    0.4500    0.5600    0.5100    0.6400    0.5000         0    0.5400    0.2200    1
    0.3700    0.3400    0.5800    0.2400    0.5000         0    0.4400    0.1800    2
    0.4300    0.4500    0.5400    0.1400    0.5000         0    0.5000    0.3100    7
    0.4100    0.4900    0.6500    0.2800    0.5000         0    0.5900    0.5700    7
    0.5600    0.6300    0.5200    0.2000    0.5000         0    0.3400    0.2600    2
    0.5400    0.5300    0.4800    0.1400    0.5000         0    0.4900    0.3300    2
    0.5600    0.4800    0.5000    0.1700    0.5000         0    0.5100    0.2600    7
    0.3400    0.3400    0.6500    0.4000    0.5000         0    0.3200    0.1600    7
    0.5700    0.5700    0.4400    0.3700    0.5000         0    0.5200    0.2500    1
    0.4600    0.4100    0.5000    0.4400    0.5000         0    0.5300    0.2200    1
    0.4900    0.4700    0.5200    0.1600    0.5000         0    0.5300    0.2800    7
    0.3700    0.5500    0.2900    0.3200    0.5000         0    0.5100    0.2200    3
    0.4000    0.4400    0.5000    0.1300    0.5000         0    0.5200    0.3900    7
    0.4900    0.3900    0.5200    0.2900    0.5000         0    0.4800    0.2200    8
    0.4900    0.6000    0.5400    0.3500    0.5000         0    0.5300    0.4600    2
    0.2800    0.2700    0.5000    0.1400    0.5000         0    0.5000    0.2800    7
    0.7700    0.6000    0.4200    0.3300    0.5000         0    0.5700    0.2200    5
    0.3200    0.3600    0.3400    0.1900    0.5000         0    0.5500    0.2600    3
    0.3800    0.3700    0.5600    0.2100    0.5000         0    0.4900    0.2200    2
    0.2900    0.3400    0.5500    0.2400    0.5000         0    0.5100    0.2200    7
    0.7100    0.5900    0.5300    0.1500    0.5000         0    0.4900    0.3300    7
    0.3100    0.3100    0.5600    0.3300    0.5000         0    0.5200    0.3300    2
    0.3800    0.3400    0.5500    0.4400    0.5000         0    0.4800    0.2600    7
    0.4700    0.5600    0.4600    0.5000    0.5000         0    0.5100    0.2200    1
    0.6100    0.3800    0.5700    0.3600    0.5000         0    0.4400    0.2100    7
    0.3600    0.5600    0.5200    0.1800    0.5000         0    0.4500    0.1600    7
    0.4600    0.4300    0.4900    0.7900    0.5000         0    0.4900    0.6300    2
    0.2500    0.3900    0.5000    0.2300    0.5000         0    0.5000    0.2800    2
    0.5000    0.5000    0.4800    0.3400    0.5000         0    0.5200    0.2700    2
    0.3000    0.5600    0.5500    0.1800    0.5000         0    0.5000    0.2200    7
    0.4800    0.5700    0.5000    0.0900    0.5000         0    0.5200    0.4200    2
    0.4500    0.4600    0.5500    0.4300    0.5000         0    0.5500    0.3800    2
    0.6300    0.6700    0.5700    0.2400    0.5000         0    0.4900    0.2200    1
    0.5900    0.4600    0.4800    0.4600    0.5000         0    0.4900    0.2200    7
    0.6100    0.3900    0.5300    0.1400    0.5000         0    0.4300    0.2600    2
    0.4500    0.4000    0.5000    0.1600    0.5000         0    0.5000    0.2200    7
    0.6700    0.5700    0.3600    0.1900    0.5000         0    0.5600    0.2200    5
    0.4700    0.4700    0.5800    0.1600    0.5000         0    0.4900    0.2800    7
    0.3900    0.6300    0.4100    0.2700    0.5000         0    0.4900    0.2200    3
    0.2500    0.4000    0.5100    0.1800    0.5000         0    0.5000    0.2700    7
    0.7000    0.5800    0.5300    0.3900    0.5000         0    0.5900    0.2200    8
    0.6000    0.5700    0.5200    0.1400    0.5000         0    0.4600    0.4800    2
    0.5800    0.5300    0.5700    0.4600    0.5000         0    0.5100    0.2700    1
    0.4800    0.6100    0.5700    0.1700    0.5000         0    0.4500    0.2200    7
    0.6700    0.6300    0.3400    0.4100    0.5000         0    0.6000    0.3300    4
    0.5300    0.5000    0.5400    0.5600    0.5000         0    0.4900    0.4100    1
    0.4700    0.5200    0.5400    0.2500    0.5000         0    0.5400    0.2900    1
    0.5100    0.5000    0.4900    0.4500    0.5000         0    0.4800    0.2200    1
    0.2500    0.3600    0.5800    0.3000    0.5000         0    0.5800    0.3100    2
    0.4000    0.2800    0.5800    0.4400    0.5000         0    0.4100    0.2200    7
    0.3400    0.4700    0.4800    0.3200    0.5000         0    0.4200    0.2200    2
    0.5900    0.6500    0.5200    0.3000    0.5000         0    0.4600    0.3100    7
    0.5300    0.5200    0.6100    0.3500    0.5000         0    0.5000    0.2200    1
    0.4500    0.5600    0.4900    0.1700    0.5000         0    0.5200    0.2200    7
    0.5900    0.4600    0.5700    0.1700    0.5000         0    0.5200    0.2200    7
    0.7500    0.7600    0.5800    0.2200    0.5000         0    0.4900    0.2200    8
    0.3000    0.5000    0.3400    0.2600    0.5000         0    0.5100    0.2200    3
    0.7400    0.7200    0.5000    0.2800    0.5000         0    0.4900    0.2700    8
    0.5900    0.6400    0.4400    0.2600    0.5000         0    0.5000    0.2200    7
    0.8000    0.8300    0.4300    0.2400    0.5000         0    0.5400    0.2200    4
    0.6000    0.6800    0.3000    0.2700    0.5000         0    0.5500    0.2200    3
    0.9100    0.6900    0.5700    0.4500    0.5000         0    0.5600    0.2200    5